8 30
12 40
15 43
30 61
30 61
40 74
40 74
40 75
42 30
43 77
43 77
45 79
51 90
53 94
54 94
55 79
56 98
56 103
61 112
61 112
72 122
73 43
74 123
74 123
74 122
74 122
74 124
74 124
74 125
74 125
74 90
74 90
74 91
74 110
77 98
77 98
77 127
77 127
79 130
79 130
79 131
79 131
79 132
79 132
79 133
79 133
79 134
79 134
79 135
79 135
90 20
94 152
94 152
97 43
98 153
103 157
103 157
106 157
112 170
112 171
112 90
112 90
112 172
112 172
115 175
122 187
122 187
123 188
124 189
124 189
125 190
125 190
127 192
127 192
130 36
131 201
131 201
131 189
131 189
131 202
131 202
131 203
131 203
132 182
133 204
134 204
135 205
135 205
136 206
143 130
145 152
146 152
150 187
151 172
152 220
152 189
152 189
152 139
157 152
157 152
159 228
172 237
172 237
175 228
175 228
178 43
185 43
187 216
189 245
189 245
190 246
190 246
190 247
190 247
190 126
190 248
190 249
190 250
190 250
192 251
201 257
201 257
202 245
202 245
202 218
202 140
203 258
205 98
205 98
206 225
207 260
227 294
228 295
228 295
237 299
237 299
243 306
245 307
245 307
245 308
245 309
246 112
246 112
247 310
247 310
247 232
250 43
250 43
257 315
257 315
260 152
260 152
270 206
291 77
294 248
294 257
294 257
295 175
295 175
299 30
299 30
299 77
299 77
306 43
306 43
307 181
310 344
310 344
315 347
315 348
315 348
335 40
336 40
344 362
344 363
344 315
344 315
344 364
344 364
344 365
344 365
348 68
356 79
356 187
356 206
363 61
363 382
364 152
364 152
365 43
365 43
365 383
365 383
381 391
382 391
382 391
383 392
391 206
391 206
404 189
406 189
413 418
413 383
417 61
418 79
418 79
418 187
418 187
425 43
425 427
425 94
427 294
427 294
431 257
447 94
447 94
459 77
468 112
468 112
472 189
474 447
480 30
488 447
488 447
489 190
489 190
493 50
494 212
496 112
497 43
497 383
500 457
503 344
505 116
507 356
508 382
508 382
511 90
511 90
511 172
511 172
514 468
515 125
515 299
524 295
524 295
524 469
525 61
525 61
526 206
526 206
527 61
527 61
538 297
552 245
552 245
554 202
554 202
561 488
561 488
561 489
561 489
566 43
566 43
576 206
576 206
581 493
581 493
583 494
583 494
585 246
585 246
589 187
589 187
590 187
590 187
594 344
594 344
600 500
600 500
600 307
600 307
600 244
600 501
606 43
606 43
609 122
609 122
610 189
610 189
615 294
615 294
616 152
616 152
619 257
619 257
629 206
629 206
630 187
630 187
635 505
635 505
636 124
640 245
640 245
642 507
642 507
642 508
642 508
642 505
642 505
642 434
642 344
642 344
649 94
657 79
657 79
662 510
662 112
662 112
663 511
663 511
663 400
663 512
668 187
668 187
669 187
669 187
690 348
695 260
695 418
696 362
696 524
696 524
696 481
696 525
696 525
696 508
696 508
696 364
696 364
696 365
696 365
696 526
696 526
696 527
696 527
703 365
703 365
707 192
707 192
718 494
718 494
719 310
719 310
719 435
719 112
719 112
721 310
721 310
730 257
730 257
733 315
733 315
736 294
738 203
738 203
747 40
747 40
762 315
762 315
763 77
763 77
763 538
763 538
763 56
763 345
765 468
765 468
767 130
767 130
767 131
767 131
767 494
767 494
767 132
767 132
767 134
767 134
767 135
767 135
786 157
786 157
795 43
795 43
798 189
798 189
812 112
815 511
815 489
815 525
815 133
818 474
818 493
818 493
818 190
818 190
822 112
822 112
