2 22
10 34
18 50
22 54
22 54
24 56
25 56
26 57
27 58
34 64
39 22
44 78
48 84
50 86
54 95
54 96
54 97
54 97
54 94
56 98
56 99
56 100
56 100
56 101
56 101
56 102
56 102
56 103
56 34
56 34
56 104
56 104
56 105
56 105
56 106
56 106
56 107
56 107
56 108
56 108
56 109
56 109
56 110
57 50
57 50
57 104
57 104
57 108
57 108
58 50
58 50
58 108
58 108
65 120
78 128
78 129
78 129
80 78
82 57
84 138
84 138
97 28
97 43
100 155
100 155
101 155
101 155
101 70
102 156
102 156
104 158
104 159
105 160
106 161
106 58
106 58
106 157
107 162
108 163
108 164
108 164
108 165
108 165
108 166
108 167
108 168
108 168
109 165
109 165
112 171
115 174
115 177
115 180
120 186
120 186
126 191
129 193
129 198
129 199
129 199
129 200
129 186
129 186
138 208
138 208
155 222
155 223
155 223
155 224
155 199
155 199
155 200
156 56
156 56
159 101
159 229
162 231
164 232
164 232
165 111
168 234
171 102
171 102
171 236
174 222
174 223
174 223
174 239
174 239
174 240
174 240
177 56
177 56
180 165
180 165
181 242
184 232
186 22
186 22
191 57
191 57
197 254
199 255
199 255
199 256
208 155
208 155
220 284
223 6
229 296
231 297
231 297
232 297
232 297
234 97
235 97
239 78
239 78
240 301
240 301
242 303
242 303
242 138
242 138
242 304
242 305
242 284
242 284
244 155
245 309
247 232
254 271
255 138
255 138
269 240
284 101
284 101
284 229
284 229
297 341
297 107
297 107
301 255
301 255
302 50
303 104
303 104
303 107
303 107
303 108
303 108
304 78
309 17
321 301
344 363
351 129
363 61
363 382
363 109
363 109
372 301
398 138
399 232
406 120
410 412
412 104
412 104
412 106
412 106
444 78
444 78
445 78
445 78
446 78
446 78
466 54
466 54
466 309
466 309
466 242
466 242
471 22
471 22
472 189
472 444
472 444
472 445
472 445
474 446
493 50
510 445
510 445
514 466
515 471
515 471
515 472
515 472
515 125
515 299
517 97
522 155
536 208
538 297
542 78
542 78
543 284
569 50
569 50
577 191
579 242
579 242
607 56
607 56
614 97
614 97
625 138
625 138
633 174
633 174
633 177
633 177
634 177
637 303
638 57
638 57
641 107
641 107
652 174
662 510
677 78
677 78
679 100
679 100
680 514
680 515
680 515
680 156
680 156
680 254
680 254
681 316
681 514
681 515
681 515
681 297
681 297
681 309
681 309
684 97
684 97
701 97
701 97
709 168
709 168
724 444
724 444
737 301
737 301
741 97
741 97
744 515
744 515
744 309
744 309
746 156
746 156
746 254
746 254
746 309
746 309
759 155
759 155
763 56
776 58
776 58
776 110
787 104
787 104
792 199
792 199
796 50
796 50
799 542
799 542
805 515
805 515
806 22
806 22
824 171
824 171
