2 23
23 55
23 55
51 87
55 79
87 141
87 141
87 142
87 142
87 143
87 143
87 144
87 144
141 209
141 209
142 210
143 130
144 211
144 211
168 234
209 261
209 261
211 14
226 293
234 97
261 318
261 318
293 340
293 340
304 23
318 293
318 293
340 161
345 340
350 369
356 23
368 87
369 211
369 211
370 211
396 402
397 403
400 404
402 405
402 405
403 406
403 406
404 407
404 407
404 408
404 189
404 55
404 55
404 169
404 51
404 409
404 73
404 405
404 405
404 406
404 406
405 410
405 55
405 55
405 169
405 411
406 318
406 318
406 189
406 120
407 51
410 369
415 407
435 437
437 405
437 405
437 406
437 406
438 87
438 87
442 438
442 438
453 442
454 442
455 442
476 410
476 405
476 405
530 442
530 442
531 402
531 476
560 318
560 318
575 438
575 438
577 438
578 23
578 23
601 438
601 438
605 437
605 437
612 293
612 293
631 87
631 87
639 87
639 87
651 87
651 87
658 234
658 234
659 293
659 293
659 442
659 442
659 234
659 234
659 141
659 141
659 142
659 142
659 143
659 143
659 81
659 144
659 144
659 509
687 442
687 442
688 442
688 442
690 23
704 405
704 405
706 530
706 530
708 530
708 530
723 530
729 261
770 87
770 87
815 404
