2 26
26 57
47 83
56 99
60 111
83 137
83 137
99 154
99 154
104 159
105 160
106 161
111 169
112 170
128 193
128 194
129 193
137 207
137 207
146 213
154 39
158 225
159 101
159 207
159 207
159 226
159 226
159 227
159 227
159 228
159 229
159 230
159 230
160 207
160 207
161 147
165 111
170 161
170 161
171 236
192 251
193 252
193 252
194 253
194 253
199 256
206 225
207 260
210 225
213 262
213 262
214 265
220 276
220 283
221 290
225 32
225 292
225 292
225 39
226 293
227 294
229 296
230 225
230 225
236 298
236 298
238 300
241 302
242 304
245 308
248 311
251 298
251 298
252 225
252 225
253 313
253 314
253 314
256 161
256 161
262 114
265 320
265 320
267 323
275 111
276 225
276 225
277 296
283 333
283 333
283 251
283 251
290 225
290 225
292 339
292 339
296 341
296 341
297 341
298 341
298 341
300 26
300 26
302 50
304 78
304 314
304 314
304 342
304 342
304 23
308 343
308 343
311 161
311 161
314 343
314 343
320 11
323 349
323 349
324 300
333 351
333 351
333 352
333 352
333 117
333 353
333 353
339 161
339 161
340 161
341 359
341 359
342 360
343 300
343 300
343 111
343 111
343 361
343 39
345 367
349 290
349 290
351 370
351 370
351 129
351 321
351 371
351 371
352 372
352 372
352 302
352 302
352 373
352 373
353 374
359 279
367 251
367 251
370 384
370 384
370 211
370 385
370 385
371 386
371 386
371 387
372 301
373 388
373 388
384 83
384 83
384 154
384 154
384 343
384 343
384 269
384 262
384 262
384 353
384 353
385 372
385 372
386 161
386 161
387 236
388 395
388 395
395 400
395 400
398 304
400 46
400 404
405 411
411 414
411 414
411 415
411 415
411 416
411 416
414 420
414 388
414 388
414 339
414 339
414 421
414 421
414 349
414 349
414 320
414 320
414 422
415 407
415 408
416 290
416 290
421 425
436 161
443 225
443 225
458 443
458 443
459 77
461 388
463 62
464 62
465 251
465 251
469 262
479 161
481 388
481 388
481 262
481 262
483 339
483 339
486 29
496 112
499 19
501 458
501 458
502 459
502 459
502 460
502 461
502 458
502 458
502 457
503 344
512 462
512 463
512 463
512 221
513 464
513 464
513 465
513 465
514 384
514 320
517 97
518 371
518 371
528 26
528 26
529 370
529 370
531 194
535 481
535 481
540 483
540 483
547 296
547 296
548 486
548 486
549 486
558 370
558 370
559 290
559 290
567 395
574 459
574 459
577 443
587 26
587 26
588 227
588 227
592 495
592 252
592 252
592 253
592 253
592 496
592 496
592 497
592 351
592 351
592 352
592 352
592 498
592 353
592 353
596 499
596 499
600 501
611 296
611 296
617 290
617 290
618 262
618 262
622 502
622 502
623 290
623 290
624 503
624 503
626 236
626 236
644 83
644 83
649 502
649 502
649 94
650 308
650 308
652 292
652 292
652 174
663 400
663 512
664 513
664 513
664 358
670 236
670 236
672 161
672 161
673 161
673 161
678 262
678 262
690 517
690 517
690 23
690 348
690 518
690 518
690 183
690 519
690 160
690 160
693 99
693 99
696 481
702 528
702 528
702 481
702 481
705 529
705 529
717 320
717 320
729 119
729 263
729 137
729 137
729 277
729 535
729 535
729 167
729 432
729 261
735 300
735 300
739 333
739 333
739 416
739 416
740 311
740 311
740 251
740 251
740 416
740 416
742 290
742 290
749 227
749 227
755 370
755 370
764 517
764 517
764 503
764 503
764 396
766 349
766 349
769 385
769 385
771 342
771 342
778 540
780 262
780 262
801 535
801 535
809 160
813 373
813 373
815 511
815 513
815 513
815 529
815 529
815 546
815 308
815 308
815 489
815 473
815 525
815 400
815 400
815 133
815 359
815 359
815 185
815 47
815 547
815 547
815 548
815 548
815 352
815 352
815 549
815 499
815 499
815 550
815 551
815 404
815 512
815 512
815 160
815 160
815 415
815 415
815 256
815 256
817 251
817 251
819 501
819 501
823 227
823 227
826 300
826 300
827 265
827 265
828 298
828 298
