2 10
10 32
10 32
10 33
10 33
10 34
10 35
10 35
10 36
10 36
10 37
10 37
10 38
10 38
10 39
10 39
32 63
32 63
33 8
33 10
33 10
34 64
35 63
35 63
36 65
36 65
37 66
37 66
37 67
37 65
37 65
37 68
37 68
37 69
37 69
37 70
37 70
37 71
37 71
37 72
37 72
38 73
38 73
39 22
46 81
62 64
63 118
63 118
64 119
64 119
65 120
66 36
66 36
68 121
69 35
69 35
70 35
70 35
71 73
71 73
72 122
73 28
73 43
81 39
81 39
82 136
82 39
88 72
101 70
108 166
118 184
118 184
119 184
119 184
119 185
119 185
121 65
129 200
130 36
136 206
139 38
152 220
153 221
154 39
155 224
155 200
162 39
166 116
167 39
184 232
184 72
184 72
185 43
190 248
200 72
200 72
203 258
217 269
220 119
220 119
220 272
220 273
220 273
220 274
220 274
220 275
220 275
220 276
220 277
220 277
220 278
220 279
220 279
220 280
220 281
220 281
220 282
220 282
220 283
220 284
220 285
220 285
220 286
220 287
221 288
221 81
221 81
221 289
221 289
221 290
224 39
224 39
225 32
225 39
248 311
258 316
258 316
264 282
269 146
269 240
273 326
273 326
274 46
275 111
277 327
277 327
277 296
277 328
277 328
277 329
277 329
277 330
277 330
277 331
277 331
277 47
279 166
279 166
280 332
281 63
281 63
282 33
282 33
285 36
285 36
289 36
289 36
294 248
312 345
316 71
316 71
322 332
326 67
326 65
326 65
327 269
327 269
328 69
328 69
329 248
329 248
330 136
330 136
331 258
331 258
331 39
331 39
332 39
332 39
336 354
343 39
345 366
345 366
345 367
345 340
345 368
345 368
348 68
353 374
354 375
354 375
354 376
359 279
362 220
366 36
366 36
368 87
371 387
374 33
374 33
375 282
375 282
384 269
387 236
392 277
397 332
404 73
410 274
424 81
430 435
432 33
435 437
435 39
435 39
441 185
482 435
512 221
516 435
516 435
520 36
520 36
523 72
544 36
545 36
568 35
568 35
568 37
568 37
582 35
582 35
584 119
584 374
593 166
593 166
599 435
599 435
621 136
621 136
636 124
636 63
636 63
636 506
654 332
654 332
659 81
674 289
674 289
676 316
681 316
682 316
682 316
683 70
683 70
685 516
685 516
686 274
686 274
686 413
686 516
686 516
691 375
691 375
692 495
692 520
692 520
715 118
719 435
720 435
720 435
729 119
729 277
734 221
734 221
757 332
757 332
760 63
760 63
763 345
790 248
790 248
791 248
791 248
797 536
797 368
797 368
797 537
797 387
797 387
797 68
797 68
797 71
797 71
797 72
797 72
809 347
809 326
809 326
809 160
810 326
810 326
814 166
814 166
815 185
